1,1,19,178,86,9.2,masculino
2,2,20,184,75,7.1,masculino
3,3,20,159,59,7.7,masculino
4,4,20,156,65,7.4,feminino
5,5,18,170,75,9.1,masculino
6,6,21,158,54,8.3,masculino
7,7,19,180,74,7.9,masculino
8,8,21,176,71,7.5,masculino
9,9,21,161,57,8.8,masculino
10,10,19,172,67,7.1,feminino
11,11,20,190,89,7.7,masculino
12,12,18,158,57,9.9,feminino
13,13,21,156,53,7,feminino
14,14,20,161,52,7.6,feminino
15,15,19,176,65,9.1,feminino
16,16,21,163,70,7.9,feminino
17,17,18,179,69,8.8,feminino
18,18,21,153,59,7.9,masculino
19,19,19,177,66,8.7,feminino
20,20,18,158,57,8.6,feminino
21,21,18,154,47,9.8,feminino
22,22,19,153,56,8,masculino
23,23,21,187,77,7.2,masculino
24,24,20,165,60,9,masculino
25,25,19,166,63,7.7,masculino
26,26,18,166,56,7.8,feminino
27,27,19,175,70,9.5,feminino
28,28,20,179,71,9.5,feminino
29,29,19,174,69,9.1,masculino
30,30,20,160,62,7.8,feminino
31,31,20,154,55,8.7,feminino
32,32,20,158,50,7.4,masculino
33,33,19,169,70,8.9,feminino
34,34,19,163,61,8.5,masculino
35,35,20,165,53,7,feminino
36,36,20,180,72,9.6,feminino
37,37,20,163,64,8.7,feminino
38,38,19,159,52,9.6,masculino
39,39,20,167,56,7.8,feminino
40,40,20,153,52,7.9,masculino
41,41,19,173,62,9.4,feminino
42,42,19,165,49,8.5,feminino
43,43,20,162,57,10,feminino
44,44,20,176,87,9.3,masculino
45,45,19,162,67,7.9,masculino
46,46,19,158,51,7,feminino
47,47,20,156,56,8.6,masculino
48,48,19,168,62,9.7,feminino
49,49,20,162,58,9.5,feminino
50,50,19,186,92,9.1,masculino
51,51,20,153,62,7.1,masculino
52,52,21,160,64,8.8,masculino
53,53,18,186,80,7.2,masculino
54,54,19,185,85,7.7,masculino
55,55,20,153,62,9.7,masculino
56,56,20,172,79,9.8,masculino
57,57,21,157,55,9.6,feminino
58,58,18,159,62,8,feminino
59,59,20,153,67,9.7,feminino
60,60,18,182,88,7.4,masculino
61,61,21,166,60,10,feminino
62,62,20,163,76,9.5,feminino
63,63,21,169,68,7.3,masculino
64,64,20,169,75,7.9,masculino
65,65,18,182,86,8.3,masculino
66,66,21,170,79,9.7,masculino
67,67,20,178,88,9.9,masculino
68,68,21,168,57,8.7,feminino
69,69,19,158,49,9,masculino
70,70,20,161,56,9.1,feminino
71,71,18,187,91,7.6,masculino
72,72,20,163,57,9.6,feminino
73,73,19,175,66,7.9,masculino
74,74,21,156,71,7.8,masculino
75,75,18,176,68,7.6,feminino
76,76,19,183,96,9.3,masculino
77,77,19,158,57,7.9,feminino
78,78,20,185,78,7.9,masculino
79,79,19,177,72,7.2,feminino
80,80,19,158,46,9.9,feminino
81,81,19,151,57,7.5,masculino
82,82,21,169,64,9.2,masculino
83,83,19,167,56,9.6,feminino
84,84,21,175,70,8.4,feminino
85,85,21,177,73,8.7,masculino
86,86,21,164,70,8.5,masculino
87,87,18,161,52,9.9,feminino
88,88,19,161,66,7.7,masculino
89,89,20,167,66,9.2,feminino
90,90,21,178,75,9.4,feminino
91,91,20,180,72,9.5,masculino
92,92,20,153,66,7.7,masculino
93,93,21,163,72,9.6,feminino
94,94,20,169,63,8.8,masculino
95,95,21,166,55,7.7,feminino
96,96,20,154,62,7.4,feminino
97,97,20,182,81,8.6,masculino
98,98,18,173,78,8.6,masculino
99,99,20,167,55,9.9,feminino
100,100,19,177,71,9.9,feminino
101,101,21,182,89,7.1,masculino
102,102,20,173,65,8,masculino
103,103,20,155,66,8.6,feminino
104,104,19,158,54,7.2,feminino
105,105,19,177,69,8.7,feminino
106,106,18,184,98,8.6,masculino
107,107,21,185,85,8.9,masculino
108,108,19,153,49,7.6,feminino
109,109,21,151,60,9.1,feminino
110,110,21,179,77,8.2,masculino
111,111,19,173,78,7,feminino
112,112,18,164,63,7.9,masculino
113,113,19,164,64,7.5,masculino
114,114,21,173,74,9.9,masculino
115,115,19,159,63,9.7,feminino
116,116,21,153,65,8.4,masculino
117,117,21,188,84,9.3,masculino
118,118,19,161,61,7.1,masculino
119,119,18,176,70,7.5,feminino
120,120,20,188,91,7.3,masculino
121,121,20,163,75,8.4,feminino
122,122,20,149,45,9,feminino
123,123,20,152,65,8.8,feminino
124,124,21,170,63,8.2,feminino
125,125,19,172,84,7.2,masculino
126,126,19,164,69,7.2,feminino
127,127,19,154,45,9.4,feminino
128,128,19,185,88,7.3,masculino
129,129,19,164,72,7.7,masculino
130,130,20,178,69,7.2,masculino
131,131,19,170,60,7.9,masculino
132,132,19,168,67,9.2,feminino
133,133,21,189,104,9.1,masculino
134,134,20,173,73,7.5,masculino
135,135,20,165,75,8.1,masculino
136,136,19,165,72,8.2,feminino
137,137,21,171,68,8.8,masculino
138,138,20,154,54,8.1,masculino
139,139,21,178,66,7.7,feminino
140,140,19,170,70,7.6,masculino
141,141,20,151,46,8,feminino
142,142,18,188,84,7.4,masculino
143,143,20,172,77,7.5,feminino
144,144,19,187,100,7.3,masculino
145,145,20,156,52,7.7,feminino
146,146,19,180,93,9.1,masculino
147,147,19,164,59,8.7,masculino
148,148,19,189,97,8,masculino
149,149,18,159,63,7.2,feminino
150,150,18,182,91,7.7,masculino
151,151,19,174,66,8.2,feminino
152,152,19,177,70,7.8,feminino
153,153,19,152,48,8.8,feminino
154,154,20,167,59,9.7,masculino
155,155,19,163,56,7.6,masculino
156,156,20,168,78,8.6,masculino
157,157,19,175,70,7.4,feminino
158,158,19,170,73,8.8,masculino
159,159,20,174,71,8.8,feminino
160,160,20,185,78,8.8,masculino
161,161,21,160,55,8.7,masculino
162,162,21,182,74,9.7,masculino
163,163,19,167,60,7.4,masculino
164,164,20,169,72,8.1,feminino
165,165,21,165,63,7.6,feminino
166,166,20,169,70,9.9,feminino
167,167,20,167,59,8.6,masculino
168,168,19,183,78,9.8,masculino
169,169,20,170,73,7,feminino
170,170,21,172,85,7.2,masculino
171,171,21,155,61,9.1,feminino
172,172,20,172,57,7.9,feminino
173,173,19,156,60,7.2,feminino
174,174,20,154,60,9.2,feminino
175,175,19,177,70,9.7,masculino
176,176,20,170,65,8,feminino
177,177,21,167,64,7.7,feminino
178,178,21,185,89,7.2,masculino
179,179,18,176,67,9.8,feminino
180,180,20,159,57,9.6,feminino
181,181,21,165,72,8.5,masculino
182,182,18,182,83,9.5,masculino
183,183,19,168,71,7.2,feminino
184,184,19,166,60,7.5,feminino
185,185,20,180,72,8.8,feminino
186,186,18,179,83,8.2,masculino
187,187,18,165,67,8.3,feminino
188,188,20,170,57,8,feminino
189,189,19,160,54,9.8,feminino
190,190,20,187,102,8.6,masculino
191,191,20,158,62,9.8,feminino
192,192,19,177,72,8.6,masculino
193,193,19,174,79,8.5,masculino
194,194,21,170,75,8.5,masculino
195,195,20,174,81,7.2,masculino
196,196,21,155,48,9.3,feminino
197,197,18,177,69,7.5,masculino
198,198,20,176,78,7.3,masculino
199,199,20,173,58,8.4,masculino
200,200,18,155,55,7.7,feminino
